Run semi-empirical minimization
 &qmmm
    qm_theory='AM1', grms_tol=0.0005,
 scfconv=1.d-10, ndiis_attempts=700,   qmcharge=0,
 /
   6    C1       -0.6370        3.0430        1.1590 
   6    C2       -0.4500        1.7270        1.5560 
   6    C3        0.2720        0.8450        0.7670 
   6    C4        0.8260        1.2950       -0.4240 
   6    C5        0.6490        2.6160       -0.8230 
   6    C6       -0.0910        3.5090       -0.0390 
   6    C7       -0.1200       -1.5920        0.1510 
   6    C8        0.7020       -2.5700       -0.3080 
   7    N9        2.0080       -2.7030        0.1440 
   6   C10        2.5630       -1.8200        1.0260 
   7   N11        1.8340       -0.7750        1.5320 
   6   C12        0.4460       -0.5900        1.2230 
   6   C13       -1.6010       -1.4760       -0.4290 
   6   C14        0.2590       -3.6140       -1.3060 
   7   N15       -0.2960        4.8980       -0.4570 
  16   S16        4.0580       -1.9970        1.4520 
   8   O17       -1.8050       -1.8560       -1.5870 
   1   H18       -1.2000        3.6780        1.7870 
   1   H19       -0.8710        1.3910        2.4680 
   1   H20        1.3860        0.6300       -1.0320 
   1   H21        1.0810        2.9280       -1.7360 
   1   H22        2.5620       -3.4540       -0.1990 
   1   H23        2.2780       -0.1330        2.1460 
   1   H24       -0.1350       -0.6600        2.1450 
   1   H25        1.0410       -4.3730       -1.4490 
   1   H26       -0.6790       -4.0720       -0.9560 
   1   H27        0.0300       -3.1190       -2.2590 
   6   C28        0.3430        5.4340       -1.6320 
   1   H29        0.0450        6.4810       -1.7860 
   1   H30        0.0650        4.8260       -2.5040 
   1   H31        1.4330        5.3630       -1.5080 
   6   C32       -1.1710        5.7820        0.2810 
   1   H33       -1.2060        6.7730       -0.1930 
   1   H34       -0.8130        5.8660        1.3160 
   1   H35       -2.1790        5.3400        0.3120 
   8   O36       -2.8080       -0.9750        0.2230 
   6   C37       -2.8170       -0.6520        1.6130 
   6   C38       -4.1940       -0.0900        2.0000 
   1   H17       -2.6150       -1.5510        2.1960 
   1    H4       -2.0490        0.0940        1.8170 
   1    H5       -4.2010        0.1570        3.0610 
   1    H6       -4.9620       -0.8360        1.7950 
   1    H7       -4.3970        0.8090        1.4170 

